Vernier Format 2
Untitled.cmbl 14. 04. 2025 11:07:26 ,
Latest
Time	Position	Velocity	Acceleration
t	x	v	acc
s	m	m/s	m/s²

0,05	1,033426	-0,00198444444445	0,0119070987654
0,1	1,033322	-0,00152805555556	0,0151771604938
0,15	1,033235	-0,000826666666667	0,0186702777778
0,2	1,033149	0,00115111111111	0,00925817901235
0,25	1,033477	0,00092	-0,0135158950617
0,3	1,033356	-0,00133388888889	-0,0162407407407
0,35	1,033218	-0,00162222222222	-0,000780555555564
0,4	1,033166	-0,001105	0,0114141975309
0,45	1,033114	-0,000411666666667	0,019650617284
0,5	1,033028	0,00168111111111	0,0112858024691
0,55	1,033408	0,00152555555556	-0,0109462962963
0,6	1,033287	-0,000481111111111	-0,0166216049383
0,65	1,033235	-0,000614444444444	-0,0202314814815
0,7	1,033218	-0,00074	-0,0736518518519
0,75	1,033235	-0,00380722222222	-0,236638888889
0,8	1,033062	-0,0164072222222	-0,559730864198
0,85	1,032751	-0,0545344444444	-0,949112037037
0,9	1,02929	-0,123666111111	-1,07453549383
0,95	1,019842	-0,182806666667	-0,787319444444
1	1,009183	-0,206813333333	-0,381383024691
1,05	0,998454	-0,212302777778	-0,120136419753
1,1	0,987864	-0,211952222222	-0,0122311728395
1,15	0,977257	-0,210700555556	0,0102885802469
1,2	0,966771	-0,20998	0,00739197530864
1,25	0,956337	-0,209742777778	0,0062787037037
1,3	0,94611	-0,213723888889	0,0742283950617
1,35	0,934032	-0,202302222222	0,135350308642
1,4	0,925951	-0,192150555556	0,0599484567901
1,45	0,915759	-0,197542777778	2,31481481504E-05
1,5	0,905792	-0,197109444444	0,0202570987654
1,55	0,895877	-0,194513888889	0,0325021604938
1,6	0,886429	-0,192417222222	0,0240577160494
1,65	0,876739	-0,192299444444	0,0147935185185
1,7	0,867153	-0,191606666667	0,0172271604938
1,75	0,857567	-0,190677222222	0,0231820987654
1,8	0,848067	-0,189286111111	0,0300206790123
1,85	0,838619	-0,187498333333	0,0335759259259
1,9	0,829344	-0,185977777778	0,0361740740741
1,95	0,819983	-0,183758888889	0,0312731481481
2	0,810915	-0,1817	0,00896635802469
2,05	0,801987	-0,181977222222	-0,0239487654321
2,1	0,793058	-0,188057777778	0,0076274691358
2,15	0,782381	-0,181153888889	0,0422197530864
2,2	0,775304	-0,179680555556	0,0116259259259
2,25	0,764766	-0,183497777778	0,0358978395062
2,3	0,756287	-0,176537777778	0,0648845679012
2,35	0,74741	-0,174515555556	0,0553972222222
2,4	0,738828	-0,171641666667	0,0538305555556
2,45	0,730245	-0,169318333333	0,0514561728395
2,5	0,72187	-0,166568888889	0,0507354938272
2,55	0,713547	-0,163284444444	0,033450308642
2,6	0,705725	-0,163265	0,0177114197531
2,65	0,697177	-0,162626666667	0,0226827160494
2,7	0,689425	-0,161241111111	0,0334268518519
2,75	0,681033	-0,159341111111	0,0443614197531
2,8	0,673384	-0,155785	0,0377015432099
2,85	0,665632	-0,155126111111	0,0244385802469
2,9	0,657915	-0,155021111111	0,0380614197531
2,95	0,649903	-0,151358888889	0,0519395061728
3	0,642809	-0,148073333333	0,0370429012346
3,05	0,635281	-0,147870555556	0,0244688271605
3,1	0,627945	-0,146590555556	0,0280861111111
3,15	0,620608	-0,145135555556	0,0354271604938
3,2	0,613409	-0,142992222222	0,0423561728395
3,25	0,606297	-0,140662222222	0,0437327160494
3,3	0,599341	-0,138314444444	0,0390490740741
3,35	0,592506	-0,136717777778	0,0331314814815
3,4	0,585671	-0,135225	0,0310179012346
3,45	0,578975	-0,133648888889	0,0297820987654
3,5	0,572313	-0,132200555556	0,0279231481482
3,55	0,565755	-0,130791666667	0,0248861111111
3,6	0,559248	-0,129705	0,0223672839506
3,65	0,552794	-0,128731111111	0,0238330246914
3,7	0,546374	-0,127643333333	0,0307212962963
3,75	0,539972	-0,125604444444	0,0366567901235
3,8	0,533812	-0,123417777778	0,0328172839506
3,85	0,527703	-0,122495	0,0311302469136
3,9	0,521491	-0,120461111111	0,0330703703704
3,95	0,515712	-0,119191666667	0,0360842592593
4	0,509552	-0,117457222222	0,0483114197531
4,05	0,503841	-0,113689444444	0,0483864197531
4,1	0,498304	-0,111917777778	0,0361969135802
4,15	0,49268	-0,110684444444	0,0329234567901
4,2	0,487178	-0,108742222222	0,0317410493827
4,25	0,481831	-0,107227222222	0,0272827160494
4,3	0,476484	-0,106161666667	0,025812654321
4,35	0,471206	-0,104938888889	0,0293339506173
4,4	0,465963	-0,103270555556	0,0339237654321
4,45	0,460859	-0,101231666667	0,0340259259259
4,5	0,455893	-0,0999477777778	0,0356040123457
4,55	0,45084	-0,0981711111111	0,0444719135802
4,6	0,445995	-0,0951233333333	0,0464953703704
4,65	0,441375	-0,0928383333333	0,0372901234568
4,7	0,436789	-0,0918211111111	0,0347064814815
4,75	0,432134	-0,089915	0,0411086419753
4,8	0,427756	-0,0873138888889	0,0412524691358
4,85	0,423448	-0,0854377777778	0,035087962963
4,9	0,419226	-0,0838944444444	0,0302296296296
4,95	0,415073	-0,0826588888889	0,0313611111111
5	0,410954	-0,0812061111111	0,0433308641975
5,05	0,406905	-0,078835	0,0696904320988
5,1	0,403047	-0,0748672222222	0,106225
5,15	0,399326	-0,0689388888889	0,143262037037
5,2	0,395727	-0,0566616666667	0,106456481481
5,25	0,394204	-0,0541522222222	-0,00126851851852
5,3	0,390847	-0,0612327777778	-0,0326435185185
5,35	0,387612	-0,0611966666667	0,00837345679012
5,4	0,384635	-0,0592372222222	0,0432512345679
5,45	0,381711	-0,0565705555556	0,0814438271605
5,5	0,37896	-0,0522944444444	0,138823148148
5,55	0,376347	-0,04475	0,218267901235
5,6	0,37389	-0,0264588888889	0,197940432099
5,65	0,373993	-0,016035	-0,0078462962963
5,7	0,372869	-0,0204816666667	-0,324794753086
5,75	0,373544	-0,0541511111111	-0,510637037037
5,8	0,367695	-0,0920094444444	-0,307212037037
5,85	0,362106	-0,0896838888889	0,0155030864198
5,9	0,358645	-0,0809088888889	0,182641975309
5,95	0,35399	-0,06794	0,25364382716
6	0,35155	-0,0511144444444	0,214620061728
6,05	0,349387	-0,0437755555556	0,120691358025
6,1	0,347415	-0,0413255555556	0,0627762345679
6,15	0,345217	-0,0395977777778	0,0459731481481
6,2	0,343383	-0,0367911111111	0,0393533950617
6,25	0,341635	-0,0355127777778	0,0335354938272
6,3	0,339818	-0,0339611111111	0,0361564814815
6,35	0,338192	-0,0317977777778	0,0369265432099
6,4	0,336652	-0,0298316666667	0,0309719135802
6,45	0,335267	-0,0288294444444	0,0267351851852
6,5	0,333745	-0,0275383333333	0,0288487654321
6,55	0,332482	-0,0257466666667	0,0285219135802
6,6	0,331218	-0,0246311111111	0,0267913580247
6,65	0,32999	-0,0232166666667	0,0274632716049
6,7	0,328882	-0,0214955555556	0,0227108024691
6,75	0,327948	-0,0215033333333	0,027287654321
6,8	0,326581	-0,0190544444444	0,0374848765432
6,85	0,326079	-0,0170172222222	0,0360240740741
6,9	0,324954	-0,0160816666667	0,0435712962963
6,95	0,324297	-0,0123605555556	0,0450067901235
7	0,323847	-0,0108355555556	0,0346611111111
7,05	0,323241	-0,00964166666667	0,0364929012346
7,1	0,322809	-0,00738388888889	0,041725617284
7,15	0,322514	-0,00519055555556	0,0428388888889
7,2	0,32229	-0,00296944444444	0,0404601851852
7,25	0,32222	-0,000912777777778	0,0329054938272
7,3	0,322238	0,000357777777778	0,0239924074074
7,35	0,322255	0,00146166666667	0,0153457407407
7,4	0,322411	0,00194433333333	0,0067512962963
7,45	0,32248	0,00188444444444	0,00269993827161
7,5	0,322584	0,00198222222222	0,0016824691358
