Vernier Format 2
Untitled.cmbl 14. 04. 2025 11:06:09 ,
Latest
Time	Position	Velocity	Acceleration
t	x	v	acc
s	m	m/s	m/s²

0,05	1,576771	-0,0179288888889	0,565908209877
0,1	1,574419	0,0152030555556	0,410159845679
0,15	1,578068	0,0328386666667	0,158693981481
0,2	1,577912	0,0408983333333	-0,217216018519
0,25	1,58419	0,012785	-0,575094845679
0,3	1,581284	-0,0493872222222	-0,338169938272
0,35	1,574695	-0,0346638888889	0,158103395062
0,4	1,577203	-0,00489	0,18004382716
0,45	1,576753	-0,0114622222222	0,0223691358025
0,5	1,574557	-0,00224888888889	-0,244311111111
0,55	1,577047	-0,0133661111111	-0,865548765432
0,6	1,57741	-0,0967861111111	-1,27761759259
0,65	1,56738	-0,181600555556	-0,939165740741
0,7	1,555586	-0,201627777778	-0,341633024691
0,75	1,546454	-0,198927222222	-0,0104836419753
0,8	1,535871	-0,192488888889	0,0822864197531
0,85	1,527068	-0,185257222222	0,0147509259259
0,9	1,517712	-0,186936666667	-0,139889506173
0,95	1,508996	-0,200588333333	-0,26399382716
1	1,497928	-0,220062777778	-0,256398765432
1,05	1,486445	-0,230026666667	-0,162882407407
1,1	1,474737	-0,235234444444	-0,0746256172839
1,15	1,462839	-0,236936666667	0,00141820987655
1,2	1,450854	-0,234535	0,0541929012346
1,25	1,43925	-0,229307777778	0,0498759259259
1,3	1,427974	-0,225961666667	-0,0354101851852
1,35	1,416872	-0,228957777778	-0,184481790123
1,4	1,405804	-0,246554444444	-0,250542592593
1,45	1,39266	-0,267766666667	-0,0285024691358
1,5	1,37803	-0,265890555556	0,479491975309
1,55	1,363192	-0,211217777778	0,803385185185
1,6	1,357	-0,156461111111	0,567851851852
1,65	1,349893	-0,145092222222	0,108584259259
1,7	1,343183	-0,153349444444	-0,228395987654
1,75	1,335262	-0,178386666667	-0,33587345679
1,8	1,325007	-0,196937222222	-0,222042901235
1,85	1,314821	-0,201252222222	-0,074562962963
1,9	1,304704	-0,200263333333	0,00363209876543
1,95	1,294812	-0,198237777778	0,0239030864197
2	1,285006	-0,198074444444	0,0366700617284
2,05	1,274872	-0,195567222222	0,0612645061728
2,1	1,265308	-0,190666666667	0,0616348765432
2,15	1,255935	-0,188071111111	0,0381308641975
2,2	1,246596	-0,187157222222	0,0184950617284
2,25	1,237275	-0,187511666667	0,0209407407407
2,3	1,227677	-0,185190555556	0,0289058641975
2,35	1,218822	-0,183739444444	0,0243601851852
2,4	1,209397	-0,183668333333	0,0344314814815
2,45	1,200266	-0,180457222222	0,0465030864198
2,5	1,191412	-0,178172222222	0,0445027777778
2,55	1,182471	-0,17613	0,0433456790123
2,6	1,173772	-0,173778333333	0,0404524691358
2,65	1,165142	-0,172249444444	0,0409632716049
2,7	1,156495	-0,169814444444	0,0440009259259
2,75	1,148177	-0,167641111111	0,0435638888889
2,8	1,139738	-0,16558	0,0451416666667
2,85	1,131592	-0,162998333333	0,0437197530864
2,9	1,123481	-0,161226666667	0,0413549382716
2,95	1,115405	-0,158542777778	0,0336688271605
3	1,107727	-0,157593888889	0,0223904320988
3,05	1,099685	-0,157260555556	0,0269438271605
3,1	1,091868	-0,154884444444	0,0315765432099
3,15	1,084242	-0,153262222222	0,0240450617284
3,2	1,076632	-0,152954444444	0,0249351851852
3,25	1,068885	-0,151608333333	0,0390049382716
3,3	1,061379	-0,148639444444	0,0442101851852
3,35	1,054047	-0,145997222222	0,0229898148148
3,4	1,046835	-0,145305555556	-0,0184453703704
3,45	1,039624	-0,147130555556	-0,0623540123457
3,5	1,032516	-0,155011111111	-0,0369922839506
3,55	1,023731	-0,155495	0,0707302469136
3,6	1,016363	-0,145033333333	0,127569135802
3,65	1,00948	-0,13812	0,0982154320988
3,7	1,002753	-0,134822777778	0,0517172839506
3,75	0,996112	-0,134446111111	0,0289521604938
3,8	0,989247	-0,133265	0,0342046296296
3,85	0,98271	-0,130773888889	0,0391163580247
3,9	0,976224	-0,128977777778	0,0380330246914
3,95	0,969808	-0,127136666667	0,0379012345679
4	0,963479	-0,124926666667	0,0330660493827
4,05	0,957374	-0,123736666667	0,0276586419753
4,1	0,951114	-0,122614444444	0,0300429012346
4,15	0,945078	-0,120945	0,0353959876543
4,2	0,938973	-0,118577222222	0,0326277777778
4,25	0,933284	-0,117232777778	0,0226475308642
4,3	0,927317	-0,117060555556	0,0256212962963
4,35	0,921472	-0,115078333333	0,0364962962963
4,4	0,915817	-0,113098888889	0,0426765432099
4,45	0,910145	-0,110651666667	0,0447160493827
4,5	0,904749	-0,108282222222	0,0392395061728
4,55	0,899353	-0,10659	0,0309660493827
4,6	0,894113	-0,105386666667	0,0259540123457
4,65	0,888804	-0,104138888889	0,0242558641975
4,7	0,883702	-0,102958333333	0,024175308642
4,75	0,878531	-0,101966111111	0,0281533950617
4,8	0,873464	-0,100348333333	0,0345037037037
4,85	0,868432	-0,0977444444444	0,0286978395062
4,9	0,863832	-0,0973838888889	0,021899691358
4,95	0,858678	-0,0967505555556	0,0349447530864
5	0,854009	-0,0936288888889	0,0441947530864
5,05	0,849391	-0,09165	0,0424401234568
5,1	0,844843	-0,0895261111111	0,0421388888889
5,15	0,84045	-0,0876722222222	0,0452416666667
5,2	0,83604	-0,0851516666667	0,0508552469136
5,25	0,831907	-0,0821322222222	0,0478444444444
5,3	0,827878	-0,0801172222222	0,0403182098765
5,35	0,8239	-0,0781972222222	0,0350398148148
5,4	0,820113	-0,0771411111111	0,038025
5,45	0,816083	-0,0745461111111	0,0434731481481
5,5	0,812642	-0,0716233333333	0,0295385802469
5,55	0,809114	-0,0720288888889	0,0224410493827
5,6	0,805292	-0,0700305555556	0,0261922839506
5,65	0,802162	-0,0690144444444	0,0241197530864
5,7	0,798374	-0,0676772222222	0,0242904320988
5,75	0,7954	-0,0663683333333	0,0212240740741
5,8	0,79182	-0,0663694444444	0,0314885802469
5,85	0,788569	-0,0631044444444	0,039025
5,9	0,785594	-0,0613272222222	0,0274725308642
5,95	0,782516	-0,06076	0,0217404320988
6	0,779472	-0,0596372222222	0,023100308642
6,05	0,776532	-0,0582144444444	0,0205706790123
6,1	0,773661	-0,0571166666667	0,0106342592593
6,15	0,770877	-0,0570655555556	0,00137561728395
6,2	0,768024	-0,0580683333333	0,0130157407407
6,25	0,764945	-0,056665	0,0404783950617
6,3	0,762248	-0,0532444444444	0,053550308642
6,35	0,759636	-0,0500077777778	0,0430111111111
6,4	0,757371	-0,0488438888889	0,0290793209877
6,45	0,754777	-0,0482633333333	0,0342067901235
6,5	0,752407	-0,0454583333333	0,0412101851852
6,55	0,75028	-0,0433805555556	0,0363447530864
6,6	0,748118	-0,0420238888889	0,0336296296296
6,65	0,746043	-0,0402344444444	0,0331734567901
6,7	0,744089	-0,03842	0,0272166666667
6,75	0,742221	-0,03716	0,0156049382716
6,8	0,740423	-0,0368427777778	0,0059274691358
6,85	0,738607	-0,0376038888889	0,0159021604938
6,9	0,736532	-0,0360216666667	0,040225
6,95	0,734923	-0,032765	0,050324691358
7	0,733315	-0,0303711111111	0,047249691358
7,05	0,731862	-0,02772	0,0366959876543
7,1	0,730634	-0,026765	0,0275793209877
7,15	0,729182	-0,0257294444444	0,032062962963
7,2	0,727988	-0,0235305555556	0,0363030864198
7,25	0,726847	-0,0215588888889	0,030625
7,3	0,725861	-0,0202511111111	0,0199986111111
7,35	0,724841	-0,0194511111111	0,00857824074075
7,4	0,723994	-0,01999	0,00875564814817
7,45	0,722766	-0,0193236111111	0,0219336419753
7,5	0,722022	-0,0171455555556	0,0338237654321
